00000000000000000000000000000000
00000000000000000011101110000000
00000000000000011100011001100000
00000000000001100011000110011000
00000000000010011100000001000000
00000000001100000000000000110100
00000110010111000000000000000000
00010001101000000000000000000000
00010100110000000000000000001000
00101111000000000000000000001000
00100000000000000000000000001011
00010100000000000000000000001000
01000000000000000000000000001000
00101000000000000000000000001011
00100100000000000000000000001000
00001000000000000000000000001010
00101000000000000000000000000000
00100000000000000000000000000000
00101100000000000000000000000000
00100000000000000000000000100100
00000000000000000000000000001000
01001000000000000000000001001000
00010100000000000000000000100000
00101000000000000000000000010000
00101000000000000000001110100000
00100000000000000000010010000000
00000100000000000001100100000000
00010010000000000100011000000000
00000001110001111001100000000000
00001110001110000110000000000000
00000001110001111000000000000000
00000000001110100000000000000000
