00000000000000000000000000000000
00000000000000000000011000000000
00000000000011111111110000000000
00000000011000000000000000000000
00000000001000000110000000000000
00000000000001001000000000000000
00000000000000000000000000000000
00000000011111100000000000000000
00000000000000000000000000000000
00000000000000000010000000000000
00000000000000000111000000000000
00000000000000000000000000000000
00000000001111100000000000000000
00000000000000000010000000000000
00000000000000000000000000000000
00000000010000000100110000000000
00000000000000000000000000000000
00000000000100000000000000000000
00000000000000000000000000000000
00000000000000100001111000000000
00000000000001000000000000000000
00000000000000101100000000000000
00000000000001000011000000000000
00000000000000000000001000000000
00000000000000000000000000000000
00000000000000000000000000000000
00000000000000000000000000000000
00000000000000000000000000000000
00000000000000000000010000000000
00000000000000000001100000000000
00000000000000000111111111000000
00000000000000000000000000111111
