00000000000000000000001011101100
00000000000000000000101111111111
00000000000000000000001111101100
00000000000000001111111111100000
00000000000001110001111111010000
00000000000000000111111111000000
00000000000000100111111101100000
00000000000000001111100000000000
00000000000111111111111011000000
00000000000000111110100000000000
00000000000001111111100100000000
00000000000001111111011000000000
00000000000001111111000000000000
00000000011011111111011000000000
00000000000111111100100000000000
00000010000001111000000000000000
00000000011011111000000000000000
00000000100111110000000000000000
00000010011111110000000000000000
00000100111111100000000000000000
00000010111111010000000000000000
00000010111111000000000000000000
00000010111111011000000000000000
00111111111010000000000000000000
00000111111010000000000000000000
00110111111011000000000000000000
11111111111010000000000000000000
11111111111110100000000000000000
00010111111101011000000000000000
00100111111110100000000000000000
00000010111000000000000000000000
00010111011000000000000000000000
