00000000000001000000000000000000
00000000101110011000000000000000
00001101110000000100000000000000
00010000000000000000000000000000
00000000000000000010000000000000
00000000000000000010000000000000
00000000000000000001000000000000
00000000000000000000000000000000
00000000000000000000000000000000
00000000000000000101000000000000
00000000000000000100000000000000
00000000000000000010000000000000
00000000000000001000000000000000
00000000000000000010000000000000
00000000000000000000000000000000
00000000000000010000000000000000
00000000000000001000000000000000
00000000000000100000000000000000
00000000000000000000000000000000
00000000000010100000000000000000
00000000000000000000000000000000
00000000000010000000000000000000
00000000000000000000000000000000
00000000000000000000000000000000
00000000000000000000000000000000
00000000000000000000000000000000
00000000100000000000000000000000
00000010000000000000001000010110
00000000111111111101000000000110
00001100000110000000000000000000
01110011000000000000000000000000
00000000000000000000000000000000
