00000011000000000000000000000000
00000000011000000000000000000000
00000000000110000000000000000000
00000000000001100000000000000000
00000000000000000000000000000000
00000000000000000000000000000000
00000000000000100000000000000000
00000000000000000000000000000000
00000000000001100000000000000000
00000000000000100000000000000000
00000000000000100000000000000000
00000000000001000000000000000000
00000000000000100000000000000000
00000000000001000000000000000000
00000000000001000000000000000000
00000000000000000000000000000000
00000000000000000000000000000000
00000000000000000000000000000000
00000000000000000000000000000000
00000000000000000000000000000000
00000000010100000000000000000000
00000000001000000000000000000000
00000000000000000000000000000000
00000000010000000000000000000000
00000000000000000000000000000000
00000000100000000000000000000000
00000010000000000000000000000000
00000000000000000000000000000000
00000111111011111111111111100011
00111000000000000000010000000000
00000000000000000000000000000000
00000000000000000000000000000000
