00000000000000000000000000000000
00000000001100000000000000000000
00000000000100000000000000000000
00000000000000000000010000000000
00000000010000000000100000000000
00000000010100000000010000000000
00000000000000000001010000000000
00000000101000000000010000000000
00000000000000000001000000000000
00000000100000000000000000000000
00000000000000000001010000000000
00000001000000000001000000000000
00000000000000000001000000000000
00000000100000000000010000000100
00000010100000000001011011111000
00000000000000001111110101111110
00000000000001110001111110000000
00001011001100011111000000000000
00010111110111100000000000000000
00101000000000000000100000000000
00000111100000000010100000000000
00011000000000000000000000000000
00000000000000000000000000000000
00000000000000000000000000000000
00000000000000000001000000000000
00000000000000000001000000000000
00000000000000000000000000000000
00000000000000000001000000000000
00000000000000000100000000000000
00000000000000000100000000000000
00000000000000000010000000000000
00000000000000000000000000000000
