00000000000000000000000000000000
00000000000000100000000000000000
00000000000000010000000000000000
00000000000010100000000000000000
00000000000101000000000000000000
00000000000000000000011000000000
00000000000010000000100000000000
00000000010000000000000000000000
00000000000000000000010000000000
00000000001000000001010000000000
00000001010000000000010000000000
00000010000000000001010000000000
00000001000000000001010000000000
00000110000000000001000000000000
00001000000000000001000000001000
00010100000000000001011111111001
01100000101101001111110110000000
00001111111000000000100000000000
00000000000000000010100000000000
00000000000000000000100000000000
00000000000000000000000000000000
00000000000000000000000000000000
00000000000000000001000000000000
00000000000000000001000000000000
00000000000000000001000000000000
00000000000000000101000000000000
00000000000000000001000000000000
00000000000000000101000000000000
00000000000000000001000000000000
00000000000000000000000000000000
00000000000000000010000000000000
00000000000000000000000000000000
