00000000000000000000000000000000
00000000000000000111000000000000
00000000000000111000000000000000
00000000000000010000000000000000
00000000000000000000000000000000
00000000000011000000000000000000
00000000000000000000000000000000
00000000000000000000000000000000
00000000000100000000000000000000
00000000000000000000000000000000
00000000000000000000000000000000
00000000110000000000000000000000
00000000000000000000000000000000
00000000000000000000000000000000
00000000000000000000000000000000
00000110000000000000000000000000
00000001111111111111111000000000
00000000000000000000000011010000
00000000000000000000000000001100
00000000000000000000000000000000
00000000000000000000000000000010
00000000000000000000000000000110
00000000000000000000000000000000
00000000000000000000000000000100
00000000000000000000000000000000
00010000000000000000000000000000
00000000000000000000000000001000
00000000000000000000000000000000
00000000000000000000000100000000
00000000000000000001000000000000
00000000011111100100000000000000
00000000000000000000000000000000
